# Original board
test_board_1 = 	[[2,0,0,0,0,0,0,6,0],
				[0,0,0,0,7,5,0,3,0],
				[0,4,8,0,9,0,1,0,0],
				[0,0,0,3,0,0,0,0,0],
				[3,0,0,0,1,0,0,0,9],
				[0,0,0,0,0,8,0,0,0],
				[0,0,1,0,2,0,5,7,0],
				[0,8,0,7,3,0,0,0,0],
				[0,9,0,0,0,0,0,0,4]]

# solution with only 9 empty slot
test_board_1a = [[0,7,3,4,8,1,9,6,5],
				[9,0,6,2,7,5,4,3,8],
				[5,4,0,6,9,3,1,2,7],
				[8,5,9,0,4,7,6,1,2],
				[3,6,7,5,0,2,8,4,9],
				[1,2,4,9,6,0,7,5,3],
				[4,3,1,8,2,9,0,7,6],
				[6,8,5,7,3,4,2,0,1],
				[7,9,2,1,5,6,3,8,0]]

# 1 row filled in				
test_board_1b =	[[2,7,3,4,8,1,9,6,5],
				[0,0,0,0,7,5,0,3,0],
				[0,4,8,0,9,0,1,0,0],
				[0,0,0,3,0,0,0,0,0],
				[3,0,0,0,1,0,0,0,9],
				[0,0,0,0,0,8,0,0,0],
				[0,0,1,0,2,0,5,7,0],
				[0,8,0,7,3,0,0,0,0],
				[0,9,0,0,0,0,0,0,4]]
				

# 2 rows filled in				
test_board_1c =	[[2,7,3,4,8,1,9,6,5],
				[9,1,6,2,7,5,4,3,8],
				[0,4,8,0,9,0,1,0,0],
				[0,0,0,3,0,0,0,0,0],
				[3,0,0,0,1,0,0,0,9],
				[0,0,0,0,0,8,0,0,0],
				[0,0,1,0,2,0,5,7,0],
				[0,8,0,7,3,0,0,0,0],
				[0,9,0,0,0,0,0,0,4]]		

# 3 rows filled in				
test_board_1d =	[[2,7,3,4,8,1,9,6,5],
				[9,1,6,2,7,5,4,3,8],
				[5,4,8,6,9,3,1,2,7],
				[0,0,0,3,0,0,0,0,0],
				[3,0,0,0,1,0,0,0,9],
				[0,0,0,0,0,8,0,0,0],
				[0,0,1,0,2,0,5,7,0],
				[0,8,0,7,3,0,0,0,0],
				[0,9,0,0,0,0,0,0,4]]	

# 4 rows filled in				
test_board_1e =	[[2,7,3,4,8,1,9,6,5],
				[9,1,6,2,7,5,4,3,8],
				[5,4,8,6,9,3,1,2,7],
				[8,5,9,3,4,7,6,1,2],
				[3,0,0,0,1,0,0,0,9],
				[0,0,0,0,0,8,0,0,0],
				[0,0,1,0,2,0,5,7,0],
				[0,8,0,7,3,0,0,0,0],
				[0,9,0,0,0,0,0,0,4]]

# 5 rows filled in				
test_board_1f =	[[2,7,3,4,8,1,9,6,5],
				[9,1,6,2,7,5,4,3,8],
				[5,4,8,6,9,3,1,2,7],
				[8,5,9,3,4,7,6,1,2],
				[3,6,7,5,1,2,8,4,9],
				[0,0,0,0,0,8,0,0,0],
				[0,0,1,0,2,0,5,7,0],
				[0,8,0,7,3,0,0,0,0],
				[0,9,0,0,0,0,0,0,4]]
				

# 6 rows filled in				
test_board_1g =	[[2,7,3,4,8,1,9,6,5],
				[9,1,6,2,7,5,4,3,8],
				[5,4,8,6,9,3,1,2,7],
				[8,5,9,3,4,7,6,1,2],
				[3,6,7,5,1,2,8,4,9],
				[1,2,4,9,6,8,7,5,3],
				[0,0,1,0,2,0,5,7,0],
				[0,8,0,7,3,0,0,0,0],
				[0,9,0,0,0,0,0,0,4]]
				

# 7 rows filled in				
test_board_1h =	[[2,7,3,4,8,1,9,6,5],
				[9,1,6,2,7,5,4,3,8],
				[5,4,8,6,9,3,1,2,7],
				[8,5,9,3,4,7,6,1,2],
				[3,6,7,5,1,2,8,4,9],
				[1,2,4,9,6,8,7,5,3],
				[4,3,1,8,2,9,5,7,6],
				[0,8,0,7,3,0,0,0,0],
				[0,9,0,0,0,0,0,0,4]]

# 8 rows filled in				
test_board_1i =	[[2,7,3,4,8,1,9,6,5],
				[9,1,6,2,7,5,4,3,8],
				[5,4,8,6,9,3,1,2,7],
				[8,5,9,3,4,7,6,1,2],
				[3,6,7,5,1,2,8,4,9],
				[1,2,4,9,6,8,7,5,3],
				[4,3,1,8,2,9,5,7,6],
				[6,8,5,7,3,4,2,9,1],
				[0,9,0,0,0,0,0,0,4]]

# original board
test_board_2 = [[1,3,0,2,0,0,7,4,0],
                [0,2,5,0,1,0,0,0,0],
                [4,8,0,0,6,0,0,5,0],
                [0,0,0,7,8,0,2,1,0],
                [5,0,0,0,9,0,3,7,0],
                [9,0,0,0,3,0,0,0,5],
                [0,4,0,0,0,6,8,9,0],
                [0,5,3,0,0,1,4,0,0],
                [6,0,0,0,0,0,0,0,0]]
# solution board with 9 empty slots				
test_board_2a = [[0,3,6,2,5,9,7,4,8],
				[7,0,5,4,1,8,9,3,6],
				[4,8,0,3,6,7,1,5,2],
				[3,6,4,0,8,5,2,1,9],
				[5,1,8,6,0,2,3,7,4],
				[9,7,2,1,3,0,6,8,5],
				[2,4,1,5,7,6,0,9,3],
				[8,5,3,9,2,1,4,0,7],
				[6,9,7,8,4,3,5,2,0]]

# 1 row filled in				
test_board_2b = [[1,3,6,2,5,9,7,4,8],
				[0,2,5,0,1,0,0,0,0],
                [4,8,0,0,6,0,0,5,0],
                [0,0,0,7,8,0,2,1,0],
                [5,0,0,0,9,0,3,7,0],
                [9,0,0,0,3,0,0,0,5],
                [0,4,0,0,0,6,8,9,0],
                [0,5,3,0,0,1,4,0,0],
                [6,0,0,0,0,0,0,0,0]]

# 2 rows filled in				
test_board_2c = [[1,3,6,2,5,9,7,4,8],
				[7,2,5,4,1,8,9,3,6],
                [4,8,0,0,6,0,0,5,0],
                [0,0,0,7,8,0,2,1,0],
                [5,0,0,0,9,0,3,7,0],
                [9,0,0,0,3,0,0,0,5],
                [0,4,0,0,0,6,8,9,0],
                [0,5,3,0,0,1,4,0,0],
                [6,0,0,0,0,0,0,0,0]]

# 3 rows filled in				
test_board_2d = [[1,3,6,2,5,9,7,4,8],
				[7,2,5,4,1,8,9,3,6],
                [4,8,9,3,6,7,1,5,2],
                [0,0,0,7,8,0,2,1,0],
                [5,0,0,0,9,0,3,7,0],
                [9,0,0,0,3,0,0,0,5],
                [0,4,0,0,0,6,8,9,0],
                [0,5,3,0,0,1,4,0,0],
                [6,0,0,0,0,0,0,0,0]]
				
# 4 rows filled in				
test_board_2e = [[1,3,6,2,5,9,7,4,8],
				[7,2,5,4,1,8,9,3,6],
                [4,8,9,3,6,7,1,5,2],
                [3,6,4,7,8,5,2,1,9],
                [5,0,0,0,9,0,3,7,0],
                [9,0,0,0,3,0,0,0,5],
                [0,4,0,0,0,6,8,9,0],
                [0,5,3,0,0,1,4,0,0],
                [6,0,0,0,0,0,0,0,0]]
			
# 5 rows filled in			
test_board_2f = [[1,3,6,2,5,9,7,4,8],
				[7,2,5,4,1,8,9,3,6],
                [4,8,9,3,6,7,1,5,2],
                [3,6,4,7,8,5,2,1,9],
                [5,1,8,6,9,2,3,7,4],
                [9,0,0,0,3,0,0,0,5],
                [0,4,0,0,0,6,8,9,0],
                [0,5,3,0,0,1,4,0,0],
                [6,0,0,0,0,0,0,0,0]]
				
# 6 rows filled in				
test_board_2g = [[1,3,6,2,5,9,7,4,8],
				[7,2,5,4,1,8,9,3,6],
                [4,8,9,3,6,7,1,5,2],
                [3,6,4,7,8,5,2,1,9],
                [5,1,8,6,9,2,3,7,4],
                [9,7,2,1,3,4,6,8,5],
                [0,4,0,0,0,6,8,9,0],
                [0,5,3,0,0,1,4,0,0],
                [6,0,0,0,0,0,0,0,0]]
				
# 7 rows filled in				
test_board_2h = [[1,3,6,2,5,9,7,4,8],
				[7,2,5,4,1,8,9,3,6],
                [4,8,9,3,6,7,1,5,2],
                [3,6,4,7,8,5,2,1,9],
                [5,1,8,6,9,2,3,7,4],
                [9,7,2,1,3,4,6,8,5],
                [2,4,1,5,7,6,8,9,3],
                [0,5,3,0,0,1,4,0,0],
                [6,0,0,0,0,0,0,0,0]]
				
# 8 rows filled in				
test_board_2i = [[1,3,6,2,5,9,7,4,8],
				[7,2,5,4,1,8,9,3,6],
                [4,8,9,3,6,7,1,5,2],
                [3,6,4,7,8,5,2,1,9],
                [5,1,8,6,9,2,3,7,4],
                [9,7,2,1,3,4,6,8,5],
                [2,4,1,5,7,6,8,9,3],
                [8,5,3,9,2,1,4,6,7],
                [6,0,0,0,0,0,0,0,0]]
				
# original board
test_board_3 = [[0,0,0,0,0,6,0,1,5],
				[0,7,8,0,0,0,9,0,0],
				[4,0,0,0,0,9,0,0,0],
				[5,9,2,0,0,0,0,8,0],
				[0,0,0,0,7,0,0,0,0],
				[0,1,0,0,0,0,2,5,6],
				[0,0,0,6,0,0,0,0,2],
				[0,0,9,0,0,0,4,7,0],
				[2,8,0,1,0,0,0,0,0]]

# Solution with 9 empty slots				
test_board_3a = [[0,2,3,8,4,6,7,1,5],
				[6,0,8,3,1,5,9,2,4],
				[4,5,0,7,2,9,6,3,8],
				[5,9,2,0,6,1,3,8,7],
				[8,3,6,5,0,2,1,4,9],
				[7,1,4,9,8,0,2,5,6],
				[1,4,5,6,3,7,0,9,2],
				[3,6,9,2,5,8,4,0,1],
				[2,8,7,1,9,4,5,6,0]]

# 1 row filled in				
test_board_3b = [[9,2,3,8,4,6,7,1,5],
				[0,7,8,0,0,0,9,0,0],
				[4,0,0,0,0,9,0,0,0],
				[5,9,2,0,0,0,0,8,0],
				[0,0,0,0,7,0,0,0,0],
				[0,1,0,0,0,0,2,5,6],
				[0,0,0,6,0,0,0,0,2],
				[0,0,9,0,0,0,4,7,0],
				[2,8,0,1,0,0,0,0,0]]

# 2 rows filled in				
test_board_3c = [[9,2,3,8,4,6,7,1,5],
				[6,7,8,3,1,5,9,2,4],
				[4,0,0,0,0,9,0,0,0],
				[5,9,2,0,0,0,0,8,0],
				[0,0,0,0,7,0,0,0,0],
				[0,1,0,0,0,0,2,5,6],
				[0,0,0,6,0,0,0,0,2],
				[0,0,9,0,0,0,4,7,0],
				[2,8,0,1,0,0,0,0,0]]
				
# 3 rows filled in				
test_board_3d = [[9,2,3,8,4,6,7,1,5],
				[6,7,8,3,1,5,9,2,4],
				[4,8,9,3,6,7,1,5,2],
				[5,9,2,0,0,0,0,8,0],
				[0,0,0,0,7,0,0,0,0],
				[0,1,0,0,0,0,2,5,6],
				[0,0,0,6,0,0,0,0,2],
				[0,0,9,0,0,0,4,7,0],
				[2,8,0,1,0,0,0,0,0]]
				
# 4 rows filled in				
test_board_3e = [[9,2,3,8,4,6,7,1,5],
				[6,7,8,3,1,5,9,2,4],
				[4,8,9,3,6,7,1,5,2],
				[5,9,2,4,6,1,3,8,7],
				[0,0,0,0,7,0,0,0,0],
				[0,1,0,0,0,0,2,5,6],
				[0,0,0,6,0,0,0,0,2],
				[0,0,9,0,0,0,4,7,0],
				[2,8,0,1,0,0,0,0,0]]
				
# 5 rows filled in				
test_board_3f = [[9,2,3,8,4,6,7,1,5],
				[6,7,8,3,1,5,9,2,4],
				[4,8,9,3,6,7,1,5,2],
				[5,9,2,4,6,1,3,8,7],
				[8,3,6,5,7,2,1,4,9],
				[0,1,0,0,0,0,2,5,6],
				[0,0,0,6,0,0,0,0,2],
				[0,0,9,0,0,0,4,7,0],
				[2,8,0,1,0,0,0,0,0]]
				
# 6 rows filled in				
test_board_3g = [[9,2,3,8,4,6,7,1,5],
				[6,7,8,3,1,5,9,2,4],
				[4,8,9,3,6,7,1,5,2],
				[5,9,2,4,6,1,3,8,7],
				[8,3,6,5,7,2,1,4,9],
				[7,1,4,9,8,3,2,5,6],
				[0,0,0,6,0,0,0,0,2],
				[0,0,9,0,0,0,4,7,0],
				[2,8,0,1,0,0,0,0,0]]
				
# 7 rows filled in				
test_board_3h = [[9,2,3,8,4,6,7,1,5],
				[6,7,8,3,1,5,9,2,4],
				[4,8,9,3,6,7,1,5,2],
				[5,9,2,4,6,1,3,8,7],
				[8,3,6,5,7,2,1,4,9],
				[7,1,4,9,8,3,2,5,6],
				[1,4,5,6,3,7,8,9,2],
				[0,0,9,0,0,0,4,7,0],
				[2,8,0,1,0,0,0,0,0]]
				
# 8 rows filled in				
test_board_3i = [[9,2,3,8,4,6,7,1,5],
				[6,7,8,3,1,5,9,2,4],
				[4,8,9,3,6,7,1,5,2],
				[5,9,2,4,6,1,3,8,7],
				[8,3,6,5,7,2,1,4,9],
				[7,1,4,9,8,3,2,5,6],
				[1,4,5,6,3,7,8,9,2],
				[3,6,9,2,5,8,4,7,1],
				[2,8,0,1,0,0,0,0,0]]
# Original board
test_board_4 = [[0,0,7,0,8,0,0,0,0],
				[0,0,0,0,0,2,6,0,7],
				[8,0,0,0,1,0,0,2,0],
				[0,0,6,5,0,0,3,0,0],
				[0,9,0,0,0,0,0,4,0],
				[0,0,4,0,0,7,8,0,0],
				[0,1,0,0,3,0,0,0,4],
				[5,0,9,2,0,0,0,0,0],
				[0,0,0,0,5,0,9,0,0]]		

# Solution with 9 empty slots
test_board_4a = [[9,2,7,4,8,6,5,1,3],
				[1,4,5,3,9,2,6,8,7],
				[8,6,3,7,1,5,4,2,9],
				[2,8,6,5,4,9,3,7,1],
				[7,9,1,8,6,3,2,4,5],
				[3,5,4,1,2,7,8,9,6],
				[6,1,2,9,3,8,7,5,4],
				[5,3,9,2,7,4,1,6,8],
				[4,7,8,6,5,1,9,3,2]]
			
# 1 row filled in			
test_board_4b = [[9,2,7,4,8,6,5,1,3],
				[0,0,0,0,0,2,6,0,7],
				[8,0,0,0,1,0,0,2,0],
				[0,0,6,5,0,0,3,0,0],
				[0,9,0,0,0,0,0,4,0],
				[0,0,4,0,0,7,8,0,0],
				[0,1,0,0,3,0,0,0,4],
				[5,0,9,2,0,0,0,0,0],
				[0,0,0,0,5,0,9,0,0]]	
			
# 2 rows filled in			
test_board_4c = [[9,2,7,4,8,6,5,1,3],
				[1,4,5,3,9,2,6,8,7],
				[8,0,0,0,1,0,0,2,0],
				[0,0,6,5,0,0,3,0,0],
				[0,9,0,0,0,0,0,4,0],
				[0,0,4,0,0,7,8,0,0],
				[0,1,0,0,3,0,0,0,4],
				[5,0,9,2,0,0,0,0,0],
				[0,0,0,0,5,0,9,0,0]]					
			
# 3 rows filled in			
test_board_4d = [[9,2,7,4,8,6,5,1,3],
				[1,4,5,3,9,2,6,8,7],
				[8,6,3,7,1,5,4,2,9]
				[0,0,6,5,0,0,3,0,0],
				[0,9,0,0,0,0,0,4,0],
				[0,0,4,0,0,7,8,0,0],
				[0,1,0,0,3,0,0,0,4],
				[5,0,9,2,0,0,0,0,0],
				[0,0,0,0,5,0,9,0,0]]				
			
# 4 rows filled in			
test_board_4d = [[9,2,7,4,8,6,5,1,3],
				[1,4,5,3,9,2,6,8,7],
				[8,6,3,7,1,5,4,2,9]
				[2,8,6,5,4,9,3,7,1],
				[0,9,0,0,0,0,0,4,0],
				[0,0,4,0,0,7,8,0,0],
				[0,1,0,0,3,0,0,0,4],
				[5,0,9,2,0,0,0,0,0],
				[0,0,0,0,5,0,9,0,0]]					
			
# 5 rows filled in			
test_board_4f = [[9,2,7,4,8,6,5,1,3],
				[1,4,5,3,9,2,6,8,7],
				[8,6,3,7,1,5,4,2,9]
				[2,8,6,5,4,9,3,7,1],
				[7,9,1,8,6,3,2,4,5],
				[0,0,4,0,0,7,8,0,0],
				[0,1,0,0,3,0,0,0,4],
				[5,0,9,2,0,0,0,0,0],
				[0,0,0,0,5,0,9,0,0]]				
			
# 6 rows filled in			
test_board_4g = [[9,2,7,4,8,6,5,1,3],
				[1,4,5,3,9,2,6,8,7],
				[8,6,3,7,1,5,4,2,9]
				[2,8,6,5,4,9,3,7,1],
				[7,9,1,8,6,3,2,4,5],
				[3,5,4,1,2,7,8,9,6],
				[0,1,0,0,3,0,0,0,4],
				[5,0,9,2,0,0,0,0,0],
				[0,0,0,0,5,0,9,0,0]]					
			
# 7 rows filled in			
test_board_4h = [[9,2,7,4,8,6,5,1,3],
				[1,4,5,3,9,2,6,8,7],
				[8,6,3,7,1,5,4,2,9]
				[2,8,6,5,4,9,3,7,1],
				[7,9,1,8,6,3,2,4,5],
				[3,5,4,1,2,7,8,9,6],
				[6,1,2,9,3,8,7,5,4],
				[5,0,9,2,0,0,0,0,0],
				[0,0,0,0,5,0,9,0,0]]				
			
# 8 rows filled in			
test_board_4i = [[9,2,7,4,8,6,5,1,3],
				[1,4,5,3,9,2,6,8,7],
				[8,6,3,7,1,5,4,2,9]
				[2,8,6,5,4,9,3,7,1],
				[7,9,1,8,6,3,2,4,5],
				[3,5,4,1,2,7,8,9,6],
				[6,1,2,9,3,8,7,5,4],
				[5,3,9,2,7,4,1,6,8],
				[0,0,0,0,5,0,9,0,0]]

# Original board
test_board_5 = [[8,0,0,0,6,0,3,9,7],
                [9,1,0,2,0,0,0,0,0],
                [0,0,0,4,0,0,0,0,0],
                [0,0,7,9,0,0,0,0,0],
                [0,0,4,0,0,0,0,2,5],
                [2,0,0,6,7,0,0,0,0],
                [0,0,0,0,9,1,0,0,0],
                [4,0,0,0,0,0,0,3,0],
                [0,0,0,0,0,0,6,1,0]]
				
# Solution with 9 empty slots
test_board_5a = [[0,4,2,1,6,5,3,9,7],
				[9,0,5,2,3,7,8,4,6],
				[7,3,0,4,8,9,1,5,2],
				[1,8,7,0,5,2,4,6,3],
				[6,9,4,3,0,8,7,2,5],
				[2,5,3,6,7,0,9,8,1],
				[3,6,8,5,9,1,0,7,4],
				[4,7,1,8,2,6,5,0,9],
				[5,2,9,7,4,3,6,1,0]]				

# 1 row filled in
test_board_5b = [[8,4,2,1,6,5,3,9,7],
                [9,1,0,2,0,0,0,0,0],
                [0,0,0,4,0,0,0,0,0],
                [0,0,7,9,0,0,0,0,0],
                [0,0,4,0,0,0,0,2,5],
                [2,0,0,6,7,0,0,0,0],
                [0,0,0,0,9,1,0,0,0],
                [4,0,0,0,0,0,0,3,0],
                [0,0,0,0,0,0,6,1,0]]				

# 2 rows filled in
test_board_5c = [[8,4,2,1,6,5,3,9,7],
                [9,1,5,2,3,7,8,4,6],
                [0,0,0,4,0,0,0,0,0],
                [0,0,7,9,0,0,0,0,0],
                [0,0,4,0,0,0,0,2,5],
                [2,0,0,6,7,0,0,0,0],
                [0,0,0,0,9,1,0,0,0],
                [4,0,0,0,0,0,0,3,0],
                [0,0,0,0,0,0,6,1,0]]					

# 3 rows filled in
test_board_5d = [[8,4,2,1,6,5,3,9,7],
                [9,1,5,2,3,7,8,4,6],
                [7,3,6,4,8,9,1,5,2],
                [0,0,7,9,0,0,0,0,0],
                [0,0,4,0,0,0,0,2,5],
                [2,0,0,6,7,0,0,0,0],
                [0,0,0,0,9,1,0,0,0],
                [4,0,0,0,0,0,0,3,0],
                [0,0,0,0,0,0,6,1,0]]	
				
# 4 rows filled in
test_board_5e = [[8,4,2,1,6,5,3,9,7],
                [9,1,5,2,3,7,8,4,6],
                [7,3,6,4,8,9,1,5,2],
                [1,8,7,9,5,2,4,6,3],
                [0,0,4,0,0,0,0,2,5],
                [2,0,0,6,7,0,0,0,0],
                [0,0,0,0,9,1,0,0,0],
                [4,0,0,0,0,0,0,3,0],
                [0,0,0,0,0,0,6,1,0]]	
				
# 5 rows filled in
test_board_5f = [[8,4,2,1,6,5,3,9,7],
                [9,1,5,2,3,7,8,4,6],
                [7,3,6,4,8,9,1,5,2],
                [1,8,7,9,5,2,4,6,3],
                [6,9,4,3,1,8,7,2,5],
                [2,0,0,6,7,0,0,0,0],
                [0,0,0,0,9,1,0,0,0],
                [4,0,0,0,0,0,0,3,0],
                [0,0,0,0,0,0,6,1,0]]	
				
# 6 rows filled in
test_board_5g = [[8,4,2,1,6,5,3,9,7],
                [9,1,5,2,3,7,8,4,6],
                [7,3,6,4,8,9,1,5,2],
                [1,8,7,9,5,2,4,6,3],
                [6,9,4,3,1,8,7,2,5],
                [2,5,3,6,7,4,9,8,1],
                [0,0,0,0,9,1,0,0,0],
                [4,0,0,0,0,0,0,3,0],
                [0,0,0,0,0,0,6,1,0]]	

# 7 rows filled in
test_board_5h = [[8,4,2,1,6,5,3,9,7],
                [9,1,5,2,3,7,8,4,6],
                [7,3,6,4,8,9,1,5,2],
                [1,8,7,9,5,2,4,6,3],
                [6,9,4,3,1,8,7,2,5],
                [2,5,3,6,7,4,9,8,1],
                [3,6,8,5,9,1,2,7,4],
                [4,0,0,0,0,0,0,3,0],
                [0,0,0,0,0,0,6,1,0]]	

# 8 rows filled in
test_board_5i = [[8,4,2,1,6,5,3,9,7],
                [9,1,5,2,3,7,8,4,6],
                [7,3,6,4,8,9,1,5,2],
                [1,8,7,9,5,2,4,6,3],
                [6,9,4,3,1,8,7,2,5],
                [2,5,3,6,7,4,9,8,1],
                [3,6,8,5,9,1,2,7,4],
                [4,7,1,8,2,6,5,3,9],
                [0,0,0,0,0,0,6,1,0]]

# Original puzzle
test_board_6 = 	[[0,8,0,0,0,0,7,9,0],
				[0,0,0,3,0,6,0,0,0],
				[2,1,9,0,0,0,0,0,0],
				[0,0,0,0,2,4,6,0,0],
				[9,0,0,0,0,0,0,0,4],
				[0,0,4,7,8,0,0,0,0],
				[0,0,0,0,0,0,8,4,7],
				[0,0,0,5,0,7,0,0,0],
				[0,4,2,0,0,0,0,1,0]]
				
# Solution with 9 empty slots				
test_board_6a = [[0,8,6,4,1,2,7,9,5],
				[4,0,7,3,9,6,1,2,8],
				[2,1,0,8,7,5,4,6,3],
				[8,3,5,0,2,4,6,7,9],
				[9,7,1,6,0,3,2,8,4],
				[6,2,4,7,8,0,3,5,1],
				[5,9,3,2,6,1,0,4,7],
				[1,6,8,5,4,7,9,0,2],
				[7,4,2,9,3,8,5,1,0]]	
				
# Filled in 1 row			
test_board_6b = [[3,8,6,4,1,2,7,9,5],
				[0,0,0,3,0,6,0,0,0],
				[2,1,9,0,0,0,0,0,0],
				[0,0,0,0,2,4,6,0,0],
				[9,0,0,0,0,0,0,0,4],
				[0,0,4,7,8,0,0,0,0],
				[0,0,0,0,0,0,8,4,7],
				[0,0,0,5,0,7,0,0,0],
				[0,4,2,0,0,0,0,1,0]]	
				
# Filled in 2 rows	
test_board_6c = [[3,8,6,4,1,2,7,9,5],
				[4,5,7,3,9,6,1,2,8],
				[2,1,9,0,0,0,0,0,0],
				[0,0,0,0,2,4,6,0,0],
				[9,0,0,0,0,0,0,0,4],
				[0,0,4,7,8,0,0,0,0],
				[0,0,0,0,0,0,8,4,7],
				[0,0,0,5,0,7,0,0,0],
				[0,4,2,0,0,0,0,1,0]]	
				
# Filled in 3 rows	
test_board_6d = [[3,8,6,4,1,2,7,9,5],
				[4,5,7,3,9,6,1,2,8],
				[2,1,9,8,7,5,4,6,3],
				[0,0,0,0,2,4,6,0,0],
				[9,0,0,0,0,0,0,0,4],
				[0,0,4,7,8,0,0,0,0],
				[0,0,0,0,0,0,8,4,7],
				[0,0,0,5,0,7,0,0,0],
				[0,4,2,0,0,0,0,1,0]]	
				
# Filled in 4 rows	
test_board_6e = [[3,8,6,4,1,2,7,9,5],
				[4,5,7,3,9,6,1,2,8],
				[2,1,9,8,7,5,4,6,3],
				[8,3,5,1,2,4,6,7,9],
				[9,0,0,0,0,0,0,0,4],
				[0,0,4,7,8,0,0,0,0],
				[0,0,0,0,0,0,8,4,7],
				[0,0,0,5,0,7,0,0,0],
				[0,4,2,0,0,0,0,1,0]]
				
# Filled in 5 rows	
test_board_6f = [[3,8,6,4,1,2,7,9,5],
				[4,5,7,3,9,6,1,2,8],
				[2,1,9,8,7,5,4,6,3],
				[8,3,5,1,2,4,6,7,9],
				[9,7,1,6,5,3,2,8,4],
				[0,0,4,7,8,0,0,0,0],
				[0,0,0,0,0,0,8,4,7],
				[0,0,0,5,0,7,0,0,0],
				[0,4,2,0,0,0,0,1,0]]		
				
# Filled in 6 rows	
test_board_6g = [[3,8,6,4,1,2,7,9,5],
				[4,5,7,3,9,6,1,2,8],
				[2,1,9,8,7,5,4,6,3],
				[8,3,5,1,2,4,6,7,9],
				[9,7,1,6,5,3,2,8,4],
				[6,2,4,7,8,9,3,5,1],
				[0,0,0,0,0,0,8,4,7],
				[0,0,0,5,0,7,0,0,0],
				[0,4,2,0,0,0,0,1,0]]	
				
# Filled in 7 rows	
test_board_6h = [[3,8,6,4,1,2,7,9,5],
				[4,5,7,3,9,6,1,2,8],
				[2,1,9,8,7,5,4,6,3],
				[8,3,5,1,2,4,6,7,9],
				[9,7,1,6,5,3,2,8,4],
				[6,2,4,7,8,9,3,5,1],
				[5,9,3,2,6,1,8,4,7],
				[0,0,0,5,0,7,0,0,0],
				[0,4,2,0,0,0,0,1,0]]
				
# Filled in 8 rows	
test_board_6i = [[3,8,6,4,1,2,7,9,5],
				[4,5,7,3,9,6,1,2,8],
				[2,1,9,8,7,5,4,6,3],
				[8,3,5,1,2,4,6,7,9],
				[9,7,1,6,5,3,2,8,4],
				[6,2,4,7,8,9,3,5,1],
				[5,9,3,2,6,1,8,4,7],
				[1,6,8,5,4,7,9,3,2],
				[0,4,2,0,0,0,0,1,0]].

# Original board
test_board_7 = [[0,8,0,0,0,0,0,5,0],
                [0,4,7,0,0,2,0,6,9],
                [0,0,0,0,0,0,0,0,2],
                [0,3,6,0,8,0,1,0,0],
                [0,0,0,0,4,0,2,9,0],
                [0,0,0,0,5,0,0,0,0],
                [0,0,0,0,0,0,6,0,0],
                [5,0,0,0,0,0,0,0,3],
                [1,0,9,0,7,6,0,0,0]]

# Solution with 9 empty slots
test_board_7a = [[2,8,1,9,6,4,3,5,7],
				[3,4,7,5,1,2,8,6,9],
				[6,9,5,7,3,8,4,1,2],
				[9,3,6,2,8,7,1,4,5],
				[7,5,8,1,4,3,2,9,6],
				[4,1,2,6,5,9,7,3,8],
				[8,7,3,4,9,5,6,2,1],
				[5,6,4,8,2,1,9,7,3],
				[1,2,9,3,7,6,5,8,4]]

# 1 row filled in
test_board_7b = [[2,8,1,9,6,4,3,5,7],
                [0,4,7,0,0,2,0,6,9],
                [0,0,0,0,0,0,0,0,2],
                [0,3,6,0,8,0,1,0,0],
                [0,0,0,0,4,0,2,9,0],
                [0,0,0,0,5,0,0,0,0],
                [0,0,0,0,0,0,6,0,0],
                [5,0,0,0,0,0,0,0,3],
                [1,0,9,0,7,6,0,0,0]]
				
# 2 rows filled in
test_board_7c = [[2,8,1,9,6,4,3,5,7],
                [3,4,7,5,1,2,8,6,9],
                [0,0,0,0,0,0,0,0,2],
                [0,3,6,0,8,0,1,0,0],
                [0,0,0,0,4,0,2,9,0],
                [0,0,0,0,5,0,0,0,0],
                [0,0,0,0,0,0,6,0,0],
                [5,0,0,0,0,0,0,0,3],
                [1,0,9,0,7,6,0,0,0]]		
				
# 3 rows filled in	
test_board_7d = [[2,8,1,9,6,4,3,5,7],
                [3,4,7,5,1,2,8,6,9],
                [6,9,5,7,3,8,4,1,2],
                [0,3,6,0,8,0,1,0,0],
                [0,0,0,0,4,0,2,9,0],
                [0,0,0,0,5,0,0,0,0],
                [0,0,0,0,0,0,6,0,0],
                [5,0,0,0,0,0,0,0,3],
                [1,0,9,0,7,6,0,0,0]]
				
# 4 rows filled in
test_board_7e = [[2,8,1,9,6,4,3,5,7],
                [3,4,7,5,1,2,8,6,9],
                [6,9,5,7,3,8,4,1,2],
                [9,3,6,2,8,7,1,4,5],
                [0,0,0,0,4,0,2,9,0],
                [0,0,0,0,5,0,0,0,0],
                [0,0,0,0,0,0,6,0,0],
                [5,0,0,0,0,0,0,0,3],
                [1,0,9,0,7,6,0,0,0]]
				
# 5 rows filled in		
test_board_7f = [[2,8,1,9,6,4,3,5,7],
                [3,4,7,5,1,2,8,6,9],
                [6,9,5,7,3,8,4,1,2],
                [9,3,6,2,8,7,1,4,5],
                [7,5,8,1,4,3,2,9,6],
                [0,0,0,0,5,0,0,0,0],
                [0,0,0,0,0,0,6,0,0],
                [5,0,0,0,0,0,0,0,3],
                [1,0,9,0,7,6,0,0,0]]	
				
# 6 rows filled in
test_board_7g = [[2,8,1,9,6,4,3,5,7],
                [3,4,7,5,1,2,8,6,9],
                [6,9,5,7,3,8,4,1,2],
                [9,3,6,2,8,7,1,4,5],
                [7,5,8,1,4,3,2,9,6],
                [4,1,2,6,5,9,7,3,8],
                [0,0,0,0,0,0,6,0,0],
                [5,0,0,0,0,0,0,0,3],
                [1,0,9,0,7,6,0,0,0]]	
				
# 7 rows filled in
test_board_7h = [[2,8,1,9,6,4,3,5,7],
                [3,4,7,5,1,2,8,6,9],
                [6,9,5,7,3,8,4,1,2],
                [9,3,6,2,8,7,1,4,5],
                [7,5,8,1,4,3,2,9,6],
                [4,1,2,6,5,9,7,3,8],
                [8,7,3,4,9,5,6,2,1],
                [5,0,0,0,0,0,0,0,3],
                [1,0,9,0,7,6,0,0,0]]	
# 8 rows filled in		
test_board_7i = [[2,8,1,9,6,4,3,5,7],
                [3,4,7,5,1,2,8,6,9],
                [6,9,5,7,3,8,4,1,2],
                [9,3,6,2,8,7,1,4,5],
                [7,5,8,1,4,3,2,9,6],
                [4,1,2,6,5,9,7,3,8],
                [8,7,3,4,9,5,6,2,1],
                [5,6,4,8,2,1,9,7,3],
                [1,0,9,0,7,6,0,0,0]]		

# Original board
test_board_8 = [[0,2,0,0,5,6,0,8,0],
                [7,0,0,2,0,0,0,1,0],
                [0,0,0,0,0,9,0,6,0],
                [0,0,9,0,0,0,0,0,0],
                [1,0,0,3,7,0,4,0,2],
                [0,7,0,4,0,0,0,0,5],
                [0,9,0,0,0,0,0,0,3],
                [0,0,0,0,0,0,0,4,0],
                [0,3,1,0,2,0,8,0,0]]

# solution with 9 empty slots
test_board_8a = [[0,2,4,1,5,6,3,8,7],
				[7,0,8,2,4,3,5,1,9],
				[5,1,0,7,8,9,2,6,4],
				[3,4,9,0,6,2,1,7,8],
				[1,5,6,3,0,8,4,9,2],
				[8,7,2,4,9,0,6,3,5],
				[6,9,5,8,1,4,0,2,3],
				[2,8,7,6,3,5,9,0,1],
				[4,3,1,9,2,7,8,5,0]]
				
# 1 row filled in
test_board_8b = [[9,2,4,1,5,6,3,8,7],
                [7,0,0,2,0,0,0,1,0],
                [0,0,0,0,0,9,0,6,0],
                [0,0,9,0,0,0,0,0,0],
                [1,0,0,3,7,0,4,0,2],
                [0,7,0,4,0,0,0,0,5],
                [0,9,0,0,0,0,0,0,3],
                [0,0,0,0,0,0,0,4,0],
                [0,3,1,0,2,0,8,0,0]]
				
# 2 rows filled in	
test_board_8c = [[9,2,4,1,5,6,3,8,7],
                [7,6,8,2,4,3,5,1,9],
                [0,0,0,0,0,9,0,6,0],
                [0,0,9,0,0,0,0,0,0],
                [1,0,0,3,7,0,4,0,2],
                [0,7,0,4,0,0,0,0,5],
                [0,9,0,0,0,0,0,0,3],
                [0,0,0,0,0,0,0,4,0],
                [0,3,1,0,2,0,8,0,0]]	
				
# 3 rows filled in				
test_board_8d = [[9,2,4,1,5,6,3,8,7],
                [7,6,8,2,4,3,5,1,9],
                [5,1,3,7,8,9,2,6,4],
                [0,0,9,0,0,0,0,0,0],
                [1,0,0,3,7,0,4,0,2],
                [0,7,0,4,0,0,0,0,5],
                [0,9,0,0,0,0,0,0,3],
                [0,0,0,0,0,0,0,4,0],
                [0,3,1,0,2,0,8,0,0]]
				
# 4 rows filled in				
test_board_8e = [[9,2,4,1,5,6,3,8,7],
                [7,6,8,2,4,3,5,1,9],
                [5,1,3,7,8,9,2,6,4],
                [3,4,9,5,6,2,1,7,8],
                [1,0,0,3,7,0,4,0,2],
                [0,7,0,4,0,0,0,0,5],
                [0,9,0,0,0,0,0,0,3],
                [0,0,0,0,0,0,0,4,0],
                [0,3,1,0,2,0,8,0,0]]
				
# 5 rows filled in				
test_board_8f = [[9,2,4,1,5,6,3,8,7],
                [7,6,8,2,4,3,5,1,9],
                [5,1,3,7,8,9,2,6,4],
                [3,4,9,5,6,2,1,7,8],
                [1,5,6,3,7,8,4,9,2],
                [0,7,0,4,0,0,0,0,5],
                [0,9,0,0,0,0,0,0,3],
                [0,0,0,0,0,0,0,4,0],
                [0,3,1,0,2,0,8,0,0]]
				
# 6 rows filled in				
test_board_8g = [[9,2,4,1,5,6,3,8,7],
                [7,6,8,2,4,3,5,1,9],
                [5,1,3,7,8,9,2,6,4],
                [3,4,9,5,6,2,1,7,8],
                [1,5,6,3,7,8,4,9,2],
                [8,7,2,4,9,1,6,3,5],
                [0,9,0,0,0,0,0,0,3],
                [0,0,0,0,0,0,0,4,0],
                [0,3,1,0,2,0,8,0,0]]
				
# 7 rows filled in			
test_board_8h = [[9,2,4,1,5,6,3,8,7],
                [7,6,8,2,4,3,5,1,9],
                [5,1,3,7,8,9,2,6,4],
                [3,4,9,5,6,2,1,7,8],
                [1,5,6,3,7,8,4,9,2],
                [8,7,2,4,9,1,6,3,5],
                [6,9,5,8,1,4,7,2,3],
                [0,0,0,0,0,0,0,4,0],
                [0,3,1,0,2,0,8,0,0]]	
				
# 8 rows filled in	
test_board_8i = [[9,2,4,1,5,6,3,8,7],
                [7,6,8,2,4,3,5,1,9],
                [5,1,3,7,8,9,2,6,4],
                [3,4,9,5,6,2,1,7,8],
                [1,5,6,3,7,8,4,9,2],
                [8,7,2,4,9,1,6,3,5],
                [6,9,5,8,1,4,7,2,3],
                [2,8,7,6,3,5,9,4,1],
                [0,3,1,0,2,0,8,0,0]]	


# Original board
test_board_9 = [[0,0,7,0,4,8,0,0,0],
                [2,0,0,0,0,0,0,0,0],
                [0,6,1,2,0,0,3,0,0],
                [1,0,0,7,0,4,0,0,0],
                [0,0,0,0,1,0,0,2,6],
                [0,8,0,0,9,0,0,3,0],
                [0,9,0,0,0,0,0,0,1],
                [0,0,0,1,0,0,0,0,0],
                [0,0,0,0,0,0,6,0,7]]
# solution with 9 empty slots
test_board_9a = [[0,3,7,6,4,8,5,1,2],
				[2,0,8,3,7,1,4,6,9],
				[4,6,0,2,5,9,3,7,8],
				[1,2,3,0,6,4,8,9,5],
				[5,4,9,8,0,3,7,2,6],
				[7,8,6,5,9,0,1,3,4],
				[6,9,5,4,3,7,0,8,1],
				[8,7,4,1,2,6,9,0,3]
				[3,1,2,9,8,5,6,4,0]]
				
# 1 row filled in
test_board_9b = [[9,3,7,6,4,8,5,1,2],
                [2,0,0,0,0,0,0,0,0],
                [0,6,1,2,0,0,3,0,0],
                [1,0,0,7,0,4,0,0,0],
                [0,0,0,0,1,0,0,2,6],
                [0,8,0,0,9,0,0,3,0],
                [0,9,0,0,0,0,0,0,1],
                [0,0,0,1,0,0,0,0,0],
                [0,0,0,0,0,0,6,0,7]]

# 2 rows filled in	
test_board_9c = [[9,3,7,6,4,8,5,1,2],
                [2,5,8,3,7,1,4,6,9],
                [0,6,1,2,0,0,3,0,0],
                [1,0,0,7,0,4,0,0,0],
                [0,0,0,0,1,0,0,2,6],
                [0,8,0,0,9,0,0,3,0],
                [0,9,0,0,0,0,0,0,1],
                [0,0,0,1,0,0,0,0,0],
                [0,0,0,0,0,0,6,0,7]]		
				
# 3 rows filled in	
test_board_9d = [[9,3,7,6,4,8,5,1,2],
                [2,5,8,3,7,1,4,6,9],
                [4,6,1,2,5,9,3,7,8],
                [1,0,0,7,0,4,0,0,0],
                [0,0,0,0,1,0,0,2,6],
                [0,8,0,0,9,0,0,3,0],
                [0,9,0,0,0,0,0,0,1],
                [0,0,0,1,0,0,0,0,0],
                [0,0,0,0,0,0,6,0,7]]
				
# 4 rows filled in		
test_board_9e = [[9,3,7,6,4,8,5,1,2],
                [2,5,8,3,7,1,4,6,9],
                [4,6,1,2,5,9,3,7,8],
                [1,2,3,7,6,4,8,9,5],
                [0,0,0,0,1,0,0,2,6],
                [0,8,0,0,9,0,0,3,0],
                [0,9,0,0,0,0,0,0,1],
                [0,0,0,1,0,0,0,0,0],
                [0,0,0,0,0,0,6,0,7]]		
				
# 5 rows filled in				
test_board_9f = [[9,3,7,6,4,8,5,1,2],
                [2,5,8,3,7,1,4,6,9],
                [4,6,1,2,5,9,3,7,8],
                [1,2,3,7,6,4,8,9,5],
                [5,4,9,8,1,3,7,2,6],
                [0,8,0,0,9,0,0,3,0],
                [0,9,0,0,0,0,0,0,1],
                [0,0,0,1,0,0,0,0,0],
                [0,0,0,0,0,0,6,0,7]]	
				
# 6 rows filled in	
test_board_9g = [[9,3,7,6,4,8,5,1,2],
                [2,5,8,3,7,1,4,6,9],
                [4,6,1,2,5,9,3,7,8],
                [1,2,3,7,6,4,8,9,5],
                [5,4,9,8,1,3,7,2,6],
                [7,8,6,5,9,2,1,3,4],
                [0,9,0,0,0,0,0,0,1],
                [0,0,0,1,0,0,0,0,0],
                [0,0,0,0,0,0,6,0,7]]			
	
# 7 rows filled in	
test_board_9h = [[9,3,7,6,4,8,5,1,2],
                [2,5,8,3,7,1,4,6,9],
                [4,6,1,2,5,9,3,7,8],
                [1,2,3,7,6,4,8,9,5],
                [5,4,9,8,1,3,7,2,6],
                [7,8,6,5,9,2,1,3,4],
                [6,9,5,4,3,7,2,8,1],
                [0,0,0,1,0,0,0,0,0],
                [0,0,0,0,0,0,6,0,7]]	
				
# 8 rows filled in	
test_board_9i = [[9,3,7,6,4,8,5,1,2],
                [2,5,8,3,7,1,4,6,9],
                [4,6,1,2,5,9,3,7,8],
                [1,2,3,7,6,4,8,9,5],
                [5,4,9,8,1,3,7,2,6],
                [7,8,6,5,9,2,1,3,4],
                [6,9,5,4,3,7,2,8,1],
                [8,7,4,1,2,6,9,5,3]
                [0,0,0,0,0,0,6,0,7]]	
							


# Original board
test_board_10 = [[3,0,0,4,0,0,0,0,0],
                [0,0,8,0,0,0,0,9,2],
                [0,7,0,0,0,0,4,5,0],
                [0,0,7,0,0,0,0,0,0],
                [0,0,1,9,0,0,8,0,3],
                [0,3,0,0,4,0,0,2,0],
                [8,2,0,0,0,5,9,0,0],
                [0,0,0,0,0,0,6,0,0],
                [0,0,3,0,8,7,0,0,0]]
				
# solution with 9 empty slots
test_board_10a = [[0,5,2,4,6,9,7,8,1],
				[4,0,8,5,7,1,3,9,2],
				[1,7,0,8,2,3,4,5,6],
				[9,8,7,0,1,2,5,6,4],
				[2,4,1,9,0,6,8,7,3],
				[5,3,6,7,4,0,1,2,9],
				[8,2,4,6,3,5,0,1,7],
				[7,1,5,2,9,4,6,0,8],
				[6,9,3,1,8,7,2,4,0]]
				
# 1 row filled in
test_board_10b = [[3,5,2,4,6,9,7,8,1],
                [0,0,8,0,0,0,0,9,2],
                [0,7,0,0,0,0,4,5,0],
                [0,0,7,0,0,0,0,0,0],
                [0,0,1,9,0,0,8,0,3],
                [0,3,0,0,4,0,0,2,0],
                [8,2,0,0,0,5,9,0,0],
                [0,0,0,0,0,0,6,0,0],
                [0,0,3,0,8,7,0,0,0]]
				
# 2 rows filled in	
test_board_10c = [[3,5,2,4,6,9,7,8,1],
                [4,6,8,5,7,1,3,9,2],
                [0,7,0,0,0,0,4,5,0],
                [0,0,7,0,0,0,0,0,0],
                [0,0,1,9,0,0,8,0,3],
                [0,3,0,0,4,0,0,2,0],
                [8,2,0,0,0,5,9,0,0],
                [0,0,0,0,0,0,6,0,0],
                [0,0,3,0,8,7,0,0,0]]	
				
# 3 rows filled in				
test_board_10d = [[3,5,2,4,6,9,7,8,1],
                [4,6,8,5,7,1,3,9,2],
                [1,7,9,8,2,3,4,5,6],
                [0,0,7,0,0,0,0,0,0],
                [0,0,1,9,0,0,8,0,3],
                [0,3,0,0,4,0,0,2,0],
                [8,2,0,0,0,5,9,0,0],
                [0,0,0,0,0,0,6,0,0],
                [0,0,3,0,8,7,0,0,0]]	
				
# 4 rows filled in	
test_board_10e = [[3,5,2,4,6,9,7,8,1],
                [4,6,8,5,7,1,3,9,2],
                [1,7,9,8,2,3,4,5,6],
                [9,8,7,3,1,2,5,6,4],
                [0,0,1,9,0,0,8,0,3],
                [0,3,0,0,4,0,0,2,0],
                [8,2,0,0,0,5,9,0,0],
                [0,0,0,0,0,0,6,0,0],
                [0,0,3,0,8,7,0,0,0]]	
				
# 5 rows filled in		
test_board_10f = [[3,5,2,4,6,9,7,8,1],
                [4,6,8,5,7,1,3,9,2],
                [1,7,9,8,2,3,4,5,6],
                [9,8,7,3,1,2,5,6,4],
                [2,4,1,9,5,6,8,7,3],
                [0,3,0,0,4,0,0,2,0],
                [8,2,0,0,0,5,9,0,0],
                [0,0,0,0,0,0,6,0,0],
                [0,0,3,0,8,7,0,0,0]]	
				
				
# 6 rows filled in			
test_board_10g = [[3,5,2,4,6,9,7,8,1],
                [4,6,8,5,7,1,3,9,2],
                [1,7,9,8,2,3,4,5,6],
                [9,8,7,3,1,2,5,6,4],
                [2,4,1,9,5,6,8,7,3],
                [5,3,6,7,4,8,1,2,9],
                [8,2,0,0,0,5,9,0,0],
                [0,0,0,0,0,0,6,0,0],
                [0,0,3,0,8,7,0,0,0]]	
				
# 7 rows filled in			
test_board_10h = [[3,5,2,4,6,9,7,8,1],
                [4,6,8,5,7,1,3,9,2],
                [1,7,9,8,2,3,4,5,6],
                [9,8,7,3,1,2,5,6,4],
                [2,4,1,9,5,6,8,7,3],
                [5,3,6,7,4,8,1,2,9],
                [8,2,4,6,3,5,9,1,7],
                [0,0,0,0,0,0,6,0,0],
                [0,0,3,0,8,7,0,0,0]]	
					
# 8 rows filled in		
test_board_10i = [[3,5,2,4,6,9,7,8,1],
                [4,6,8,5,7,1,3,9,2],
                [1,7,9,8,2,3,4,5,6],
                [9,8,7,3,1,2,5,6,4],
                [2,4,1,9,5,6,8,7,3],
                [5,3,6,7,4,8,1,2,9],
                [8,2,4,6,3,5,9,1,7],
                [7,1,5,2,9,4,6,3,8],
                [0,0,3,0,8,7,0,0,0]]	



1_rows_filled_tests = [test_board_1b,test_board_2b,test_board_3b,test_board_4b,test_board_5b,
						test_board_6b,test_board_7b,test_board_8b,test_board_9b,test_board_10b]
2_rows_filled_tests = [test_board_1c,test_board_2c,test_board_3c,test_board_4c,test_board_5c,
						test_board_6c,test_board_7c,test_board_8c,test_board_9c,test_board_10c]
3_rows_filled_tests = [test_board_1d,test_board_2d,test_board_3d,test_board_4d,test_board_5d,
						test_board_6d,test_board_7d,test_board_8d,test_board_9d,test_board_10d]
4_rows_filled_tests = [test_board_1e,test_board_2e,test_board_3e,test_board_4e,test_board_5e,
						test_board_6e,test_board_7e,test_board_8e,test_board_9e,test_board_10e]	
5_rows_filled_tests = [test_board_1f,test_board_2f,test_board_3f,test_board_4f,test_board_5f,
						test_board_6f,test_board_7f,test_board_8f,test_board_9f,test_board_10f]						
6_rows_filled_tests = [test_board_1g,test_board_2g,test_board_3g,test_board_4g,test_board_5g,
						test_board_6g,test_board_7g,test_board_8g,test_board_9g,test_board_10g]
7_rows_filled_tests = [test_board_1h,test_board_2h,test_board_3h,test_board_4h,test_board_5h,
						test_board_6h,test_board_7h,test_board_8h,test_board_9h,test_board_10h]
8_rows_filled_tests = [test_board_1i,test_board_2i,test_board_3i,test_board_4i,test_board_5i,
						test_board_6i,test_board_7i,test_board_8i,test_board_9i,test_board_10i]
						

						
